CTF{delat_iz_muhi_slona}

6W?O%A7]RcFC/a.?Ysq!BjYptDf0!3
Nlc/TyVBN11SY0ZDL2EuP1lzcSFCallwdERmMCEz
4e 6c 63 2f 54 79 56 42 4e 31 31 53 59 30 5a 44 4c 32 45 75 50 31 6c 7a 63 53 46 43 61 6c 6c 77 64 45 52 6d 4d 43 45 7a

52  101 32  54  99  32  54  51  32  50  102 32  53  52  32  55  57  32  53  54  32  52  50  32  52  101 32  51  49  32  51  49  32  53  51  32  53  57  32  51  48  32  53  97  32  52  52  32  52  99  32  51  50  32  52  53  32  55  53  32  53  48  32  51  49  32  54  99  32  55  97  32  54  51  32  53  51  32  52  54  32  52  51  32  54  49  32  54  99  32  54  99  32  55  55  32  54  52  32  52  53  32  53  50  32  54  100 32  52  100 32  52  51  32  52  53  32  55  97 

065 062 040 040 061 060 061 040 063 062 040 040 065 064 040 040 071 071 040 040 063 062 040 040 065 064 040 040 065 061 040 040 063 062 040 040 065 060 040 040 061 060 062 040 063 062 040 040 065 063 040 040 065 062 040 040 063 062 040 040 065 065 040 040 065 067 040 040 063 062 040 040 065 063 040 040 065 064 040 040 063 062 040 040 065 062 040 040 065 060 040 040 063 062 040 040 065 062 040 040 061 060 061 040 063 062 040 040 065 061 040 040 064 071 040 040 063 062 040 040 065 061 040 040 064 071 040 040 063 062 040 040 065 063 040 040 065 061 040 040 063 062 040 040 065 063 040 040 065 067 040 040 063 062 040 040 065 061 040 040 064 070 040 040 063 062 040 040 065 063 040 040 071 067 040 040 063 062 040 040 065 062 040 040 065 062 040 040 063 062 040 040 065 062 040 040 071 071 040 040 063 062 040 040 065 061 040 040 065 060 040 040 063 062 040 040 065 062 040 040 065 063 040 040 063 062 040 040 065 065 040 040 065 063 040 040 063 062 040 040 065 063 040 040 064 070 040 040 063 062 040 040 065 061 040 040 064 071 040 040 063 062 040 040 065 064 040 040 071 071 040 040 063 062 040 040 065 065 040 040 071 067 040 040 063 062 040 040 065 064 040 040 065 061 040 040 063 062 040 040 065 063 040 040 065 061 040 040 063 062 040 040 065 062 040 040 065 064 040 040 063 062 040 040 065 062 040 040 065 061 040 040 063 062 040 040 065 064 040 040 064 071 040 040 063 062 040 040 065 064 040 040 071 071 040 040 063 062 040 040 065 064 040 040 071 071 040 040 063 062 040 040 065 065 040 040 065 065 040 040 063 062 040 040 065 064 040 040 065 062 040 040 063 062 040 040 065 062 040 040 065 063 040 040 063 062 040 040 065 063 040 040 065 060 040 040 063 062 040 040 065 064 040 040 061 060 060 040 063 062 040 040 065 062 040 040 061 060 060 040 063 062 040 040 065 062 040 040 065 061 040 040 063 062 040 040 065 062 040 040 065 063 040 040 063 062 040 040 065 065 040 040 071 067 040

00110000 00110110 00110101 00100000 00110000 00110110 00110010 00100000 00110000 00110100 00110000 00100000 00110000 00110100 00110000 00100000 00110000 00110110 00110001 00100000 00110000 00110110 00110000 00100000 00110000 00110110 00110001 00100000 00110000 00110100 00110000 00100000 00110000 00110110 00110011 00100000 00110000 00110110 00110010 00100000 00110000 00110100 00110000 00100000 00110000 00110100 00110000 00100000 00110000 00110110 00110101 00100000 00110000 00110110 00110100 00100000 00110000 00110100 00110000 00100000 00110000 00110100 00110000 00100000 00110000 00110111 00110001 00100000 00110000 00110111 00110001 00100000 00110000 00110100 00110000 00100000 00110000 00110100 00110000 00100000 00110000 00110110 00110011 00100000 00110000 00110110 00110010 00100000 00110000 00110100 00110000 00100000 00110000 00110100 00110000 00100000 00110000 00110110 00110101 00100000 00110000 00110110 00110100 00100000 00110000 00110100 00110000 00100000 00110000 00110100 00110000 00100000 00110000 00110110 00110101 00100000 00110000 00110110 00110001 00100000 00110000 00110100 00110000 00100000 00110000 00110100 00110000 00100000 00110000 00110110 00110011 00100000 00110000 00110110 00110010 00100000 00110000 00110100 00110000 00100000 00110000 00110100 00110000 00100000 00110000 00110110 00110101 00100000 00110000 00110110 00110000 00100000 00110000 00110100 00110000 00100000 00110000 00110100 00110000 00100000 00110000 00110110 00110001 00100000 00110000 00110110 00110000 00100000 00110000 00110110 00110010 00100000 00110000 00110100 00110000 00100000 00110000 00110110 00110011 00100000 00110000 00110110 00110010 00100000 00110000 00110100 00110000 00100000 00110000 00110100 00110000 00100000 00110000 00110110 00110101 00100000 00110000 00110110 00110011 00100000 00110000 00110100 00110000 00100000 00110000 00110100 00110000 00100000 00110000 00110110 00110101 00100000 00110000 00110110 00110010 00100000 00110000 00110100 00110000 00100000 00110000 00110100 00110000 00100000 00110000 00110110 00110011 00100000 00110000 00110110 00110010 00100000 00110000 00110100 00110000 00100000 00110000 00110100 00110000 00100000 00110000 00110110 00110101 00100000 00110000 00110110 00110101 00100000 00110000 00110100 00110000 00100000 00110000 00110100 00110000 00100000 00110000 00110110 00110101 00100000 00110000 00110110 00110111 00100000 00110000 00110100 00110000 00100000 00110000 00110100 00110000 00100000 00110000 00110110 00110011 00100000 00110000 00110110 00110010 00100000 00110000 00110100 00110000 00100000 00110000 00110100 00110000 00100000 00110000 00110110 00110101 00100000 00110000 00110110 00110011 00100000 00110000 00110100 00110000 00100000 00110000 00110100 00110000 00100000 00110000 00110110 00110101 00100000 00110000 00110110 00110100 00100000 00110000 00110100 00110000 00100000 00110000 00110100 00110000 00100000 00110000 00110110 00110011 00100000 00110000 00110110 00110010 00100000 00110000 00110100 00110000 00100000 00110000 00110100 00110000 00100000 00110000 00110110 00110101 00100000 00110000 00110110 00110010 00100000 00110000 00110100 00110000 00100000 00110000 00110100 00110000 00100000 00110000 00110110 00110101 00100000 00110000 00110110 00110000 00100000 00110000 00110100 00110000 00100000 00110000 00110100 00110000 00100000 00110000 00110110 00110011 00100000 00110000 00110110 00110010 00100000 00110000 00110100 00110000 00100000 00110000 00110100 00110000 00100000 00110000 00110110 00110101 00100000 00110000 00110110 00110010 00100000 00110000 00110100 00110000 00100000 00110000 00110100 00110000 00100000 00110000 00110110 00110001 00100000 00110000 00110110 00110000 00100000 00110000 00110110 00110001 00100000 00110000 00110100 00110000 00100000 00110000 00110110 00110011 00100000 00110000 00110110 00110010 00100000 00110000 00110100 00110000 00100000 00110000 00110100 00110000 00100000 00110000 00110110 00110101 00100000 00110000 00110110 00110001 00100000 00110000 00110100 00110000 00100000 00110000 00110100 00110000 00100000 00110000 00110110 00110100 00100000 00110000 00110111 00110001 00100000 00110000 00110100 00110000 00100000 00110000 00110100 00110000 00100000 00110000 00110110 00110011 00100000 00110000 00110110 00110010 00100000 00110000 00110100 00110000 00100000 00110000 00110100 00110000 00100000 00110000 00110110 00110101 00100000 00110000 00110110 00110001 00100000 00110000 00110100 00110000 00100000 00110000 00110100 00110000 00100000 00110000 00110110 00110100 00100000 00110000 00110111 00110001 00100000 00110000 00110100 00110000 00100000 00110000 00110100 00110000 00100000 00110000 00110110 00110011 00100000 00110000 00110110 00110010 00100000 00110000 00110100 00110000 00100000 00110000 00110100 00110000 00100000 00110000 00110110 00110101 00100000 00110000 00110110 00110011 00100000 00110000 00110100 00110000 00100000 00110000 00110100 00110000 00100000 00110000 00110110 00110101 00100000 00110000 00110110 00110001 00100000 00110000 00110100 00110000 00100000 00110000 00110100 00110000 00100000 00110000 00110110 00110011 00100000 00110000 00110110 00110010 00100000 00110000 00110100 00110000 00100000 00110000 00110100 00110000 00100000 00110000 00110110 00110101 00100000 00110000 00110110 00110011 00100000 00110000 00110100 00110000 00100000 00110000 00110100 00110000 00100000 00110000 00110110 00110101 00100000 00110000 00110110 00110111 00100000 00110000 00110100 00110000 00100000 00110000 00110100 00110000 00100000 00110000 00110110 00110011 00100000 00110000 00110110 00110010 00100000 00110000 00110100 00110000 00100000 00110000 00110100 00110000 00100000 00110000 00110110 00110101 00100000 00110000 00110110 00110001 00100000 00110000 00110100 00110000 00100000 00110000 00110100 00110000 00100000 00110000 00110110 00110100 00100000 00110000 00110111 00110000 00100000 00110000 00110100 00110000 00100000 00110000 00110100 00110000 00100000 00110000 00110110 00110011 00100000 00110000 00110110 00110010 00100000 00110000 00110100 00110000 00100000 00110000 00110100 00110000 00100000 00110000 00110110 00110101 00100000 00110000 00110110 00110011 00100000 00110000 00110100 00110000 00100000 00110000 00110100 00110000 00100000 00110000 00110111 00110001 00100000 00110000 00110110 00110111 00100000 00110000 00110100 00110000 00100000 00110000 00110100 00110000 00100000 00110000 00110110 00110011 00100000 00110000 00110110 00110010 00100000 00110000 00110100 00110000 00100000 00110000 00110100 00110000 00100000 00110000 00110110 00110101 00100000 00110000 00110110 00110010 00100000 00110000 00110100 00110000 00100000 00110000 00110100 00110000 00100000 00110000 00110110 00110101 00100000 00110000 00110110 00110010 00100000 00110000 00110100 00110000 00100000 00110000 00110100 00110000 00100000 00110000 00110110 00110011 00100000 00110000 00110110 00110010 00100000 00110000 00110100 00110000 00100000 00110000 00110100 00110000 00100000 00110000 00110110 00110101 00100000 00110000 00110110 00110010 00100000 00110000 00110100 00110000 00100000 00110000 00110100 00110000 00100000 00110000 00110111 00110001 00100000 00110000 00110111 00110001 00100000 00110000 00110100 00110000 00100000 00110000 00110100 00110000 00100000 00110000 00110110 00110011 00100000 00110000 00110110 00110010 00100000 00110000 00110100 00110000 00100000 00110000 00110100 00110000 00100000 00110000 00110110 00110101 00100000 00110000 00110110 00110001 00100000 00110000 00110100 00110000 00100000 00110000 00110100 00110000 00100000 00110000 00110110 00110101 00100000 00110000 00110110 00110000 00100000 00110000 00110100 00110000 00100000 00110000 00110100 00110000 00100000 00110000 00110110 00110011 00100000 00110000 00110110 00110010 00100000 00110000 00110100 00110000 00100000 00110000 00110100 00110000 00100000 00110000 00110110 00110101 00100000 00110000 00110110 00110010 00100000 00110000 00110100 00110000 00100000 00110000 00110100 00110000 00100000 00110000 00110110 00110101 00100000 00110000 00110110 00110011 00100000 00110000 00110100 00110000 00100000 00110000 00110100 00110000 00100000 00110000 00110110 00110011 00100000 00110000 00110110 00110010 00100000 00110000 00110100 00110000 00100000 00110000 00110100 00110000 00100000 00110000 00110110 00110101 00100000 00110000 00110110 00110101 00100000 00110000 00110100 00110000 00100000 00110000 00110100 00110000 00100000 00110000 00110110 00110101 00100000 00110000 00110110 00110011 00100000 00110000 00110100 00110000 00100000 00110000 00110100 00110000 00100000 00110000 00110110 00110011 00100000 00110000 00110110 00110010 00100000 00110000 00110100 00110000 00100000 00110000 00110100 00110000 00100000 00110000 00110110 00110101 00100000 00110000 00110110 00110011 00100000 00110000 00110100 00110000 00100000 00110000 00110100 00110000 00100000 00110000 00110110 00110100 00100000 00110000 00110111 00110000 00100000 00110000 00110100 00110000 00100000 00110000 00110100 00110000 00100000 00110000 00110110 00110011 00100000 00110000 00110110 00110010 00100000 00110000 00110100 00110000 00100000 00110000 00110100 00110000 00100000 00110000 00110110 00110101 00100000 00110000 00110110 00110001 00100000 00110000 00110100 00110000 00100000 00110000 00110100 00110000 00100000 00110000 00110110 00110100 00100000 00110000 00110111 00110001 00100000 00110000 00110100 00110000 00100000 00110000 00110100 00110000 00100000 00110000 00110110 00110011 00100000 00110000 00110110 00110010 00100000 00110000 00110100 00110000 00100000 00110000 00110100 00110000 00100000 00110000 00110110 00110101 00100000 00110000 00110110 00110100 00100000 00110000 00110100 00110000 00100000 00110000 00110100 00110000 00100000 00110000 00110111 00110001 00100000 00110000 00110111 00110001 00100000 00110000 00110100 00110000 00100000 00110000 00110100 00110000 00100000 00110000 00110110 00110011 00100000 00110000 00110110 00110010 00100000 00110000 00110100 00110000 00100000 00110000 00110100 00110000 00100000 00110000 00110110 00110101 00100000 00110000 00110110 00110101 00100000 00110000 00110100 00110000 00100000 00110000 00110100 00110000 00100000 00110000 00110111 00110001 00100000 00110000 00110110 00110111 00100000 00110000 00110100 00110000 00100000 00110000 00110100 00110000 00100000 00110000 00110110 00110011 00100000 00110000 00110110 00110010 00100000 00110000 00110100 00110000 00100000 00110000 00110100 00110000 00100000 00110000 00110110 00110101 00100000 00110000 00110110 00110100 00100000 00110000 00110100 00110000 00100000 00110000 00110100 00110000 00100000 00110000 00110110 00110101 00100000 00110000 00110110 00110001 00100000 00110000 00110100 00110000 00100000 00110000 00110100 00110000 00100000 00110000 00110110 00110011 00100000 00110000 00110110 00110010 00100000 00110000 00110100 00110000 00100000 00110000 00110100 00110000 00100000 00110000 00110110 00110101 00100000 00110000 00110110 00110011 00100000 00110000 00110100 00110000 00100000 00110000 00110100 00110000 00100000 00110000 00110110 00110101 00100000 00110000 00110110 00110001 00100000 00110000 00110100 00110000 00100000 00110000 00110100 00110000 00100000 00110000 00110110 00110011 00100000 00110000 00110110 00110010 00100000 00110000 00110100 00110000 00100000 00110000 00110100 00110000 00100000 00110000 00110110 00110101 00100000 00110000 00110110 00110010 00100000 00110000 00110100 00110000 00100000 00110000 00110100 00110000 00100000 00110000 00110110 00110101 00100000 00110000 00110110 00110100 00100000 00110000 00110100 00110000 00100000 00110000 00110100 00110000 00100000 00110000 00110110 00110011 00100000 00110000 00110110 00110010 00100000 00110000 00110100 00110000 00100000 00110000 00110100 00110000 00100000 00110000 00110110 00110101 00100000 00110000 00110110 00110010 00100000 00110000 00110100 00110000 00100000 00110000 00110100 00110000 00100000 00110000 00110110 00110101 00100000 00110000 00110110 00110001 00100000 00110000 00110100 00110000 00100000 00110000 00110100 00110000 00100000 00110000 00110110 00110011 00100000 00110000 00110110 00110010 00100000 00110000 00110100 00110000 00100000 00110000 00110100 00110000 00100000 00110000 00110110 00110101 00100000 00110000 00110110 00110100 00100000 00110000 00110100 00110000 00100000 00110000 00110100 00110000 00100000 00110000 00110110 00110100 00100000 00110000 00110111 00110001 00100000 00110000 00110100 00110000 00100000 00110000 00110100 00110000 00100000 00110000 00110110 00110011 00100000 00110000 00110110 00110010 00100000 00110000 00110100 00110000 00100000 00110000 00110100 00110000 00100000 00110000 00110110 00110101 00100000 00110000 00110110 00110100 00100000 00110000 00110100 00110000 00100000 00110000 00110100 00110000 00100000 00110000 00110111 00110001 00100000 00110000 00110111 00110001 00100000 00110000 00110100 00110000 00100000 00110000 00110100 00110000 00100000 00110000 00110110 00110011 00100000 00110000 00110110 00110010 00100000 00110000 00110100 00110000 00100000 00110000 00110100 00110000 00100000 00110000 00110110 00110101 00100000 00110000 00110110 00110100 00100000 00110000 00110100 00110000 00100000 00110000 00110100 00110000 00100000 00110000 00110111 00110001 00100000 00110000 00110111 00110001 00100000 00110000 00110100 00110000 00100000 00110000 00110100 00110000 00100000 00110000 00110110 00110011 00100000 00110000 00110110 00110010 00100000 00110000 00110100 00110000 00100000 00110000 00110100 00110000 00100000 00110000 00110110 00110101 00100000 00110000 00110110 00110101 00100000 00110000 00110100 00110000 00100000 00110000 00110100 00110000 00100000 00110000 00110110 00110101 00100000 00110000 00110110 00110101 00100000 00110000 00110100 00110000 00100000 00110000 00110100 00110000 00100000 00110000 00110110 00110011 00100000 00110000 00110110 00110010 00100000 00110000 00110100 00110000 00100000 00110000 00110100 00110000 00100000 00110000 00110110 00110101 00100000 00110000 00110110 00110100 00100000 00110000 00110100 00110000 00100000 00110000 00110100 00110000 00100000 00110000 00110110 00110101 00100000 00110000 00110110 00110010 00100000 00110000 00110100 00110000 00100000 00110000 00110100 00110000 00100000 00110000 00110110 00110011 00100000 00110000 00110110 00110010 00100000 00110000 00110100 00110000 00100000 00110000 00110100 00110000 00100000 00110000 00110110 00110101 00100000 00110000 00110110 00110010 00100000 00110000 00110100 00110000 00100000 00110000 00110100 00110000 00100000 00110000 00110110 00110101 00100000 00110000 00110110 00110011 00100000 00110000 00110100 00110000 00100000 00110000 00110100 00110000 00100000 00110000 00110110 00110011 00100000 00110000 00110110 00110010 00100000 00110000 00110100 00110000 00100000 00110000 00110100 00110000 00100000 00110000 00110110 00110101 00100000 00110000 00110110 00110011 00100000 00110000 00110100 00110000 00100000 00110000 00110100 00110000 00100000 00110000 00110110 00110101 00100000 00110000 00110110 00110000 00100000 00110000 00110100 00110000 00100000 00110000 00110100 00110000 00100000 00110000 00110110 00110011 00100000 00110000 00110110 00110010 00100000 00110000 00110100 00110000 00100000 00110000 00110100 00110000 00100000 00110000 00110110 00110101 00100000 00110000 00110110 00110100 00100000 00110000 00110100 00110000 00100000 00110000 00110100 00110000 00100000 00110000 00110110 00110001 00100000 00110000 00110110 00110000 00100000 00110000 00110110 00110000 00100000 00110000 00110100 00110000 00100000 00110000 00110110 00110011 00100000 00110000 00110110 00110010 00100000 00110000 00110100 00110000 00100000 00110000 00110100 00110000 00100000 00110000 00110110 00110101 00100000 00110000 00110110 00110010 00100000 00110000 00110100 00110000 00100000 00110000 00110100 00110000 00100000 00110000 00110110 00110001 00100000 00110000 00110110 00110000 00100000 00110000 00110110 00110000 00100000 00110000 00110100 00110000 00100000 00110000 00110110 00110011 00100000 00110000 00110110 00110010 00100000 00110000 00110100 00110000 00100000 00110000 00110100 00110000 00100000 00110000 00110110 00110101 00100000 00110000 00110110 00110010 00100000 00110000 00110100 00110000 00100000 00110000 00110100 00110000 00100000 00110000 00110110 00110101 00100000 00110000 00110110 00110001 00100000 00110000 00110100 00110000 00100000 00110000 00110100 00110000 00100000 00110000 00110110 00110011 00100000 00110000 00110110 00110010 00100000 00110000 00110100 00110000 00100000 00110000 00110100 00110000 00100000 00110000 00110110 00110101 00100000 00110000 00110110 00110010 00100000 00110000 00110100 00110000 00100000 00110000 00110100 00110000 00100000 00110000 00110110 00110101 00100000 00110000 00110110 00110011 00100000 00110000 00110100 00110000 00100000 00110000 00110100 00110000 00100000 00110000 00110110 00110011 00100000 00110000 00110110 00110010 00100000 00110000 00110100 00110000 00100000 00110000 00110100 00110000 00100000 00110000 00110110 00110101 00100000 00110000 00110110 00110101 00100000 00110000 00110100 00110000 00100000 00110000 00110100 00110000 00100000 00110000 00110111 00110001 00100000 00110000 00110110 00110111 00100000 00110000 00110100 00110000

# xz compress binary
xz -> base64 -> qrcode -> bliss merge
convert Ymxpc3M.png -background white -alpha remove -alpha off output.png
img2pdf --output out.pdf output.png
cat out.pdf | sed -r 's/img2pdf 0\.3\.3/hacktheplanet/' > hack
lzip -c -9 hack > hack2
lz5 -c -49 -z -v hack2 > hack3
cp hack3 file.bin
zip -9 hack4.zip file.bin

Matry Oshka <Matry.Oshka@gmail.com>
h4ck_the_plan3t
Valerie.Dohren@gmail.com

gpg -e hack4.zip



